1
2
3
5
6
7
8
9
10
11
12
15
17
19
21
22
23
24
25
26
27
28
29
30
31
32
33
34
35
36
37
38
39
40
41
42
43
44
45
48
49
50
52
53
54
56
57
58
59
60
61
62
63
64
65
66
67
68
71
72
74
76
77
78
79
80
81
83
84
85
86
87
89
90
91
92
93
95
96
98
99
100
101
102
103
104
105
106
107
108
109
110
111
112
113
116
117
118
119
120
121
122
123
124
125
126
127
128
130
131
132
133
134
136
137
138
139
140
141
142
143
144
148
151
152
153
154
155
157
159
160
162
163
164
165
167
169
170
173
174
175
176
177
178
179
180
184
185
187
189
190
191
192
193
194
195
196
198
199
200
201
202
203
204
206
207
208
210
211
213
214
215
216
217
218
219
220
221
222
223
224
225
226
227
228
229
230
231
232
233
234
235
237
238
239
240
241
242
244
245
246
247
248
249
251
253
255
256
258
260
261
264
266
267
268
269
271
272
273
275
277
278
279
280
281
282
283
284
286
287
288
289
290
291
292
293
294
295
296
297
299
300
301
302
303
304
306
307
308
309
311
312
313
316
318
319
321
322
323
324
325
327
328
330
331
332
334
335
337
339
340
341
342
343
345
346
347
348
349
350
351
353
354
355
356
357
358
359
360
361
362
364
365
367
368
370
371
372
373
374
375
376
377
378
379
381
383
385
386
388
390
391
392
393
394
396
397
398
399
400
402
403
404
405
407
409
410
411
412
413
414
415
416
417
418
419
420
421
422
423
424
425
427
428
430
431
432
433
435
436
439
440
442
443
444
445
446
447
448
449
450
452
453
454
455
456
460
461
462
463
464
465
466
467
468
471
472
473
474
476
477
479
480
481
482
483
484
485
487
489
490
491
492
494
495
497
498
499
500
501
502
503
505
506
507
508
509
510
511
512
513
514
515
516
517
518
519
520
521
523
524
526
527
528
529
530
531
532
533
534
535
536
538
539
540
541
542
544
545
547
548
549
550
551
553
554
555
556
557
559
560
561
562
563
565
566
568
569
573
574
575
576
577
578
579
581
583
584
585
586
587
588
590
591
592
593
594
595
597
598
599
601
602
603
604
605
607
608
609
610
611
612
614
615
616
617
618
619
620
623
624
625
626
629
630
635
637
638
639
640
641
642
643
644
645
646
649
651
652
653
655
656
658
659
661
662
663
665
666
667
668
669
670
672
673
675
677
678
679
680
681
682
683
684
685
686
687
688
689
690
691
693
694
696
697
698
699
700
701
702
703
704
705
707
708
709
710
711
713
714
716
717
718
721
722
723
724
725
726
727
728
729
731
732
733
734
735
736
737
739
740
741
743
744
745
746
751
752
753
754
756
757
758
759
760
761
762
763
765
766
767
768
769
771
772
775
776
777
778
779
780
781
782
783
784
785
786
787
788
790
792
793
794
795
796
798
799
800
801
802
803
804
805
806
807
810
811
812
814
815
817
818
819
820
821
822
823
824
826
827
828
830
831
832
833
835
836
838
839
840
841
843
845
846
847
848
849
850
851
852
853
854
855
857
858
859
860
861
862
863
864
865
867
868
869
870
871
872
873
874
877
878
879
880
881
883
886
887
888
889
890
892
894
897
898
900
901
902
904
905
906
907
908
910
911
912
915
916
917
918
919
920
921
922
923
924
925
927
928
929
930
931
932
933
934
935
936
937
938
939
940
941
942
943
945
946
948
949
950
951
952
953
954
955
956
957
958
959
960
961
963
965
966
967
968
969
970
971
972
973
974
975
977
978
979
980
981
982
984
985
986
987
989
990
993
994
995
996
997
998
999
1000
1001
1002
1003
1004
1005
1006
1007
1008
1009
1011
1012
1014
1015
1016
1017
1019
1020
1021
1023
1026
1027
1028
1031
1032
1034
1035
1036
1037
1038
1040
1041
1042
1044
1046
1047
1048
1049
1050
1051
1052
1053
1054
1055
1056
1057
1058
1059
1060
1061
1062
1063
1064
1065
1066
1067
1068
1069
1070
1073
1075
1076
1077
1078
1080
1081
1083
1084
1085
1088
1089
1090
1091
1092
1093
1095
1096
